5417 5676 6728 6516, 2026/05, 283, MasterCard
5786 6378 2731 7601, 2026/06, 184, MasterCard
5678 7310 1460 6008, 2025/02, 891, MasterCard
5143 3265 8477 5700, 2026/08, 928, MasterCard
5485 0848 4564 1882, 2026/02, 762, MasterCard
5481 4364 6203 8475, 2025/04, 198, MasterCard
5654 6770 6523 7888, 2026/03, 398, MasterCard
5332 7033 4022 1024, 2026/05, 453, MasterCard
5043 5641 3551 0181, 2026/12, 167, MasterCard
5143 2133 8153 1132, 2025/06, 743, MasterCard
5683 5858 8123 0422, 2025/02, 488, MasterCard
5767 4537 0152 1828, 2025/09, 479, MasterCard
5627 4488 2147 0484, 2026/03, 559, MasterCard
5322 0542 3250 1731, 2026/04, 627, MasterCard
5053 6701 1157 8626, 2026/05, 109, MasterCard
5416 0011 6542 2200, 2026/01, 363, MasterCard
5621 6376 5430 5520, 2026/10, 990, MasterCard
5322 6418 7884 3375, 2025/07, 726, MasterCard
5457 4618 0051 5786, 2026/02, 763, MasterCard
5616 6841 6260 3258, 2026/01, 361, MasterCard
5264 1628 4304 2076, 2025/02, 623, MasterCard
5688 3046 3501 1004, 2026/03, 857, MasterCard
5048 6733 4257 0147, 2025/07, 726, MasterCard
5581 5836 7426 7761, 2026/08, 549, MasterCard
5631 2745 3646 0584, 2026/10, 454, MasterCard
5307 7106 4567 6381, 2026/11, 679, MasterCard
5674 8507 3065 6222, 2025/12, 850, MasterCard
5182 0752 2635 3358, 2026/12, 300, MasterCard
5777 6375 0156 1277, 2025/06, 573, MasterCard
5814 2818 6266 1478, 2025/05, 545, MasterCard
5180 7517 8265 1516, 2026/01, 247, MasterCard
5468 1028 4031 8230, 2026/01, 745, MasterCard
5777 0264 0341 6055, 2026/02, 369, MasterCard
5652 4171 3654 1170, 2025/01, 192, MasterCard
5367 3250 0703 1146, 2025/04, 985, MasterCard
5540 2365 7276 7412, 2025/09, 531, MasterCard
5416 4475 3852 0438, 2026/09, 116, MasterCard
5663 6255 3765 0310, 2026/10, 201, MasterCard
5484 6806 1176 2660, 2025/12, 306, MasterCard
5870 4262 8604 3008, 2025/08, 627, MasterCard
5877 8577 1216 8600, 2025/01, 494, MasterCard
5518 3253 5826 6687, 2026/03, 867, MasterCard
5707 7085 4134 5453, 2025/04, 522, MasterCard
5246 1103 4830 1375, 2025/07, 483, MasterCard
5201 1633 7660 6432, 2026/08, 247, MasterCard
5315 6235 5254 7505, 2026/10, 479, MasterCard
5163 2611 0828 5636, 2026/01, 409, MasterCard
5273 6142 5417 3005, 2026/11, 766, MasterCard
5440 4021 2370 2354, 2026/11, 385, MasterCard
5083 5308 5754 4741, 2026/05, 158, MasterCard
5165 6813 2610 2727, 2025/03, 443, MasterCard
5743 6561 6505 4578, 2026/11, 259, MasterCard
5725 6760 1262 5828, 2025/02, 254, MasterCard
5414 0484 7886 3614, 2026/01, 234, MasterCard
5132 5157 2150 8585, 2025/02, 898, MasterCard
5353 5178 5728 8224, 2026/08, 567, MasterCard
5376 3526 0047 6030, 2026/07, 212, MasterCard
5228 1838 2825 8813, 2026/10, 727, MasterCard
5880 5510 0562 3653, 2025/11, 119, MasterCard
5722 4053 7580 2730, 2025/08, 548, MasterCard
5125 2150 8308 5541, 2026/09, 992, MasterCard
5514 5402 4685 0658, 2025/11, 465, MasterCard
5370 6232 1815 2015, 2026/01, 986, MasterCard
5852 2660 5681 5652, 2026/11, 884, MasterCard
5188 7631 7286 3884, 2026/02, 989, MasterCard
5034 2218 6536 0334, 2025/04, 860, MasterCard
5541 7806 1066 1425, 2025/05, 455, MasterCard
5361 1321 5211 0212, 2026/05, 386, MasterCard
5574 1064 3702 3211, 2025/04, 955, MasterCard
5247 0103 3487 0152, 2026/08, 288, MasterCard
5307 1775 7888 5357, 2026/01, 678, MasterCard
5216 1433 4051 4642, 2025/06, 693, MasterCard
5785 1330 1335 4351, 2026/04, 126, MasterCard
5681 8520 6321 4786, 2026/11, 876, MasterCard
5233 2283 1117 4820, 2026/02, 685, MasterCard
5551 6535 8827 3670, 2026/06, 183, MasterCard
5225 6152 4620 3577, 2026/07, 556, MasterCard
5421 5146 5121 7788, 2025/05, 391, MasterCard
5534 2536 1483 3555, 2026/08, 615, MasterCard
5828 5125 2482 7550, 2026/10, 110, MasterCard
5010 8187 1830 3243, 2025/07, 322, MasterCard
5077 8233 6016 5213, 2026/08, 622, MasterCard
5601 8116 1708 8150, 2026/08, 552, MasterCard
5501 4310 8541 8531, 2026/04, 214, MasterCard
5087 3220 2833 6207, 2025/03, 131, MasterCard
5820 4026 0388 3781, 2025/02, 612, MasterCard
5145 1806 3208 7867, 2026/03, 305, MasterCard
5756 4250 7508 5252, 2026/04, 506, MasterCard
5100 0408 1685 4628, 2025/01, 389, MasterCard
5250 4872 0816 0841, 2026/04, 742, MasterCard
5430 6646 8767 3014, 2026/05, 687, MasterCard
5763 5001 2753 7814, 2026/05, 461, MasterCard
5610 1467 3123 6677, 2026/03, 543, MasterCard
5087 2610 1480 0273, 2026/09, 812, MasterCard
5666 5167 0176 3848, 2026/09, 273, MasterCard
5255 0510 3614 6615, 2026/09, 635, MasterCard
5124 3576 7864 0081, 2026/10, 803, MasterCard
5335 8036 4355 4332, 2025/11, 231, MasterCard
5713 0010 0675 8101, 2026/07, 899, MasterCard
5360 3275 5063 8811, 2025/04, 659, MasterCard
5861 7165 3185 5060, 2025/07, 815, MasterCard
5335 3674 3225 0452, 2026/11, 537, MasterCard
5217 0158 5467 5408, 2025/08, 292, MasterCard
5683 7687 1670 6531, 2025/08, 344, MasterCard
5770 2216 6214 2453, 2025/12, 509, MasterCard
5860 3770 8326 3780, 2025/06, 563, MasterCard
5666 0307 6251 4611, 2025/05, 344, MasterCard
5055 2730 5324 8742, 2025/07, 579, MasterCard
5184 8314 2257 5220, 2026/01, 118, MasterCard
5180 7562 1048 6344, 2026/03, 911, MasterCard
5736 1667 1624 6128, 2025/02, 656, MasterCard
5876 2822 7161 1638, 2026/05, 161, MasterCard
5382 0847 6804 5610, 2025/08, 636, MasterCard
5168 4823 3530 7010, 2025/12, 759, MasterCard
5413 8622 0782 7372, 2025/04, 580, MasterCard
5775 0860 2088 0721, 2026/03, 467, MasterCard
5202 7776 0228 3424, 2025/04, 377, MasterCard
5726 3304 1232 4637, 2025/10, 775, MasterCard
5346 2128 1670 5076, 2025/04, 291, MasterCard
5066 1877 1112 6123, 2026/11, 106, MasterCard
5356 3247 5071 0512, 2025/01, 735, MasterCard
5444 7654 4503 5737, 2026/06, 981, MasterCard
5623 4502 1700 8013, 2026/07, 619, MasterCard
5727 3338 5502 5645, 2025/12, 211, MasterCard
5068 8837 6110 1853, 2025/05, 219, MasterCard
5840 4433 2537 2840, 2026/03, 776, MasterCard
5644 5406 8437 6680, 2025/09, 178, MasterCard
5447 7770 0560 4080, 2026/12, 185, MasterCard
5033 0771 3234 4100, 2025/12, 914, MasterCard
5281 0141 5321 8367, 2026/04, 887, MasterCard
5502 8487 8884 8772, 2026/04, 195, MasterCard
5820 0322 4175 5073, 2025/08, 434, MasterCard
5638 2244 1630 2037, 2026/07, 538, MasterCard
5268 6230 4303 4730, 2025/07, 802, MasterCard
5425 8348 7562 5350, 2026/01, 682, MasterCard
5580 5710 4618 0185, 2026/11, 818, MasterCard
5330 7781 6475 8303, 2025/02, 852, MasterCard
5722 1340 6135 1162, 2025/04, 302, MasterCard
5565 5564 4803 1457, 2026/02, 625, MasterCard
5601 7304 4043 8681, 2026/10, 228, MasterCard
5514 3567 8557 6236, 2026/07, 254, MasterCard
5561 4360 4031 5034, 2025/10, 969, MasterCard
5754 3253 1666 0743, 2025/07, 580, MasterCard
5672 2170 5656 3030, 2025/09, 983, MasterCard
5116 5764 4283 0161, 2026/08, 673, MasterCard
5830 5225 6701 3758, 2025/01, 246, MasterCard
5012 1866 4514 5857, 2026/09, 458, MasterCard
5576 2565 2658 6475, 2026/04, 850, MasterCard
5638 4011 7667 3134, 2025/10, 601, MasterCard
5830 1454 0623 5240, 2025/07, 550, MasterCard
5334 7517 5683 7161, 2025/09, 350, MasterCard
5346 8386 4420 5077, 2026/04, 823, MasterCard
5413 6651 8612 2826, 2025/03, 547, MasterCard
5421 3405 1822 0611, 2025/04, 759, MasterCard
5888 7478 3150 2705, 2025/08, 255, MasterCard
5660 6473 4483 1084, 2026/09, 292, MasterCard
5823 5221 4584 4681, 2025/02, 688, MasterCard
5335 3153 8744 3804, 2026/04, 665, MasterCard
5010 7504 6580 4612, 2026/01, 593, MasterCard
5311 1386 6446 5136, 2025/01, 570, MasterCard
5262 6443 6431 7435, 2025/07, 335, MasterCard
5341 8465 3230 1663, 2025/01, 592, MasterCard
5821 0718 5878 3548, 2026/06, 893, MasterCard
5758 7854 8557 7653, 2025/02, 719, MasterCard
5570 6720 2570 4821, 2025/12, 592, MasterCard
5245 6211 1050 6547, 2026/04, 951, MasterCard
5221 6466 1131 0618, 2025/01, 783, MasterCard
5808 7733 1838 4133, 2025/01, 787, MasterCard
5266 3341 4505 1331, 2026/09, 516, MasterCard
5221 8283 5075 5431, 2025/11, 604, MasterCard
5730 1434 4754 8672, 2025/07, 300, MasterCard
5364 0527 0426 3573, 2026/08, 543, MasterCard
5634 3777 5324 0170, 2026/12, 860, MasterCard
5513 4853 1002 3744, 2026/12, 183, MasterCard
5181 4233 2708 4020, 2026/01, 815, MasterCard
5442 2405 8278 6288, 2025/05, 614, MasterCard
5285 0785 0818 8167, 2026/09, 485, MasterCard
5731 3822 7822 4248, 2025/05, 520, MasterCard
5458 1800 1064 5527, 2026/08, 931, MasterCard
5668 0233 3248 1831, 2025/10, 911, MasterCard
5245 2760 8518 4133, 2025/02, 143, MasterCard
5613 1330 8403 5416, 2025/09, 444, MasterCard
5720 0885 1568 6346, 2025/01, 168, MasterCard
5348 2041 2313 8115, 2026/10, 637, MasterCard
5180 0242 4457 6642, 2026/04, 884, MasterCard
5230 2805 4232 1327, 2025/05, 700, MasterCard
5412 2023 0244 1434, 2026/04, 105, MasterCard
5748 3603 7221 2575, 2026/06, 908, MasterCard
5267 0467 5534 0106, 2025/06, 355, MasterCard
5600 5300 7541 1172, 2026/03, 669, MasterCard
5285 4403 0777 6016, 2025/09, 631, MasterCard
5778 1074 4548 3243, 2026/02, 526, MasterCard
5706 4416 1552 6078, 2025/07, 245, MasterCard
5424 1525 8245 5784, 2025/10, 890, MasterCard
5881 1776 5686 2652, 2026/09, 728, MasterCard
5485 1228 5321 0610, 2026/01, 958, MasterCard
5721 5072 7554 4105, 2026/02, 803, MasterCard
5056 6016 5728 3245, 2025/07, 457, MasterCard
5252 5545 4638 3456, 2026/07, 288, MasterCard
5833 6162 1165 3733, 2026/12, 354, MasterCard
5333 7435 6760 4154, 2025/03, 300, MasterCard
5505 5134 6408 8500, 2026/01, 219, MasterCard
5757 7765 4105 4044, 2026/05, 885, MasterCard
5506 8855 4880 2646, 2026/10, 812, MasterCard
5481 4176 5324 0351, 2026/10, 146, MasterCard
5455 2117 0702 8025, 2026/02, 504, MasterCard
5550 3803 8722 6334, 2025/09, 221, MasterCard
5352 8752 0165 1351, 2026/10, 189, MasterCard
5005 1874 6526 6020, 2026/06, 732, MasterCard
5873 3327 2530 8134, 2025/05, 422, MasterCard
5203 4853 0834 8256, 2025/08, 796, MasterCard
5663 4072 0722 3300, 2026/07, 498, MasterCard
5617 5140 4882 4753, 2026/10, 631, MasterCard
5486 2368 3726 2304, 2026/03, 326, MasterCard
5303 1852 8208 1837, 2026/07, 441, MasterCard
5606 7266 4232 1043, 2026/01, 944, MasterCard
5521 6853 1423 2130, 2025/08, 183, MasterCard
5400 7861 3846 7245, 2026/06, 912, MasterCard
5701 4074 0327 0208, 2026/03, 172, MasterCard
5841 1363 8157 2720, 2026/11, 523, MasterCard
5083 3233 3271 0321, 2025/11, 921, MasterCard
5617 3051 2610 3420, 2025/02, 462, MasterCard
5430 0344 0558 5561, 2026/04, 854, MasterCard
5181 4400 1430 5724, 2025/03, 390, MasterCard
5750 4076 8630 0078, 2026/10, 909, MasterCard
5461 2027 7346 1101, 2025/09, 325, MasterCard
5281 8348 6622 1485, 2026/10, 907, MasterCard
5511 5630 1246 0471, 2025/09, 624, MasterCard
5221 4838 0263 2513, 2025/02, 320, MasterCard
5454 6562 0160 1480, 2025/01, 321, MasterCard
5744 3027 6402 4626, 2026/10, 811, MasterCard
5610 4686 0048 0073, 2026/12, 866, MasterCard
5438 1265 2475 1678, 2025/09, 764, MasterCard
5310 1758 2085 1081, 2025/04, 269, MasterCard
5033 4688 6883 2048, 2025/10, 910, MasterCard
5281 6785 1755 4863, 2026/10, 730, MasterCard
5242 1441 6730 6037, 2025/09, 810, MasterCard
5217 4266 0154 4278, 2026/04, 970, MasterCard
5212 8632 8738 7223, 2025/11, 698, MasterCard
5010 3430 8610 1632, 2025/05, 674, MasterCard
5506 6374 4337 7038, 2025/02, 347, MasterCard
5564 2062 2866 8513, 2025/10, 713, MasterCard
5838 7832 2812 2261, 2025/05, 210, MasterCard
5023 8764 3576 1254, 2026/04, 964, MasterCard
5311 3387 4618 1533, 2025/02, 301, MasterCard
5221 1800 4027 8576, 2025/11, 341, MasterCard
5441 5131 8446 4335, 2025/08, 918, MasterCard
5243 3403 0733 1203, 2025/05, 842, MasterCard
5820 3343 6776 6078, 2026/07, 951, MasterCard
5400 6476 1868 0188, 2025/04, 424, MasterCard
5448 0271 8432 6611, 2026/09, 454, MasterCard
5825 2362 4761 5463, 2025/07, 712, MasterCard
5061 1726 5684 6765, 2026/12, 471, MasterCard
5881 8668 5215 7426, 2025/07, 291, MasterCard
5277 2733 6262 6713, 2026/06, 391, MasterCard
5865 7810 3085 8243, 2025/03, 145, MasterCard
5078 2755 4388 2132, 2025/02, 767, MasterCard
5206 8648 5654 3434, 2026/09, 250, MasterCard
5617 1140 5326 2377, 2025/11, 647, MasterCard
5376 2140 1645 0217, 2026/09, 358, MasterCard
5541 3608 7067 7435, 2025/02, 520, MasterCard
5472 0118 4253 1324, 2025/02, 653, MasterCard
5062 0156 6507 8764, 2026/09, 497, MasterCard
5328 0560 5417 7627, 2026/09, 135, MasterCard
5853 2677 4303 4383, 2026/05, 866, MasterCard
5580 4055 0176 2775, 2026/09, 413, MasterCard
5522 5142 0016 4125, 2026/04, 728, MasterCard
5436 5026 0851 6736, 2025/02, 935, MasterCard
5321 7162 0116 8210, 2025/09, 350, MasterCard
5334 0002 8425 2307, 2025/02, 663, MasterCard
5165 2264 6508 5331, 2025/05, 918, MasterCard
5727 0772 1607 5357, 2025/02, 916, MasterCard
5845 3438 2186 3224, 2025/01, 707, MasterCard
5667 2547 7374 0713, 2026/01, 907, MasterCard
5805 5070 5748 3208, 2025/01, 382, MasterCard
5576 0781 8164 1118, 2025/09, 945, MasterCard
5178 6871 8184 1734, 2026/06, 311, MasterCard
5340 6365 2774 1614, 2026/06, 398, MasterCard
5218 5232 8636 3252, 2026/09, 558, MasterCard
5162 8788 8511 7475, 2026/11, 599, MasterCard
5411 4741 1654 4841, 2026/07, 370, MasterCard
5685 1001 6523 6331, 2025/01, 262, MasterCard
5617 4526 6062 4187, 2025/11, 575, MasterCard
5746 4185 1388 0114, 2025/05, 431, MasterCard
5445 5088 3315 5827, 2026/02, 815, MasterCard
5268 7054 6308 0366, 2025/09, 774, MasterCard
5700 1007 3442 4542, 2026/11, 498, MasterCard
5524 8133 8782 7043, 2026/12, 788, MasterCard
5833 5254 7165 0182, 2026/01, 621, MasterCard
5011 2440 6843 5585, 2025/03, 430, MasterCard
5564 4472 4002 6484, 2026/09, 286, MasterCard
5564 7848 8467 8026, 2026/05, 515, MasterCard
5545 6776 2228 7353, 2025/12, 797, MasterCard
5170 1326 1462 5055, 2026/07, 573, MasterCard
5038 1424 6656 8875, 2025/03, 937, MasterCard
5533 1728 6664 6666, 2026/07, 806, MasterCard
5343 1850 4885 5500, 2025/09, 169, MasterCard
5233 3126 2546 3044, 2025/01, 574, MasterCard
5308 2504 1182 8501, 2026/03, 756, MasterCard
5843 1214 5832 4146, 2026/11, 790, MasterCard
5016 1022 0324 1414, 2025/10, 355, MasterCard
5410 3124 7008 7604, 2025/02, 101, MasterCard
5324 6585 8077 3656, 2026/05, 716, MasterCard
5344 1082 8544 7442, 2025/10, 634, MasterCard
5572 5706 8142 7513, 2025/04, 261, MasterCard
5488 8860 2106 3658, 2025/10, 294, MasterCard
5553 5260 0806 4416, 2025/05, 889, MasterCard
5563 7583 7312 6623, 2026/05, 856, MasterCard
5367 1512 3760 4472, 2026/10, 940, MasterCard
5588 5411 3000 4767, 2026/09, 752, MasterCard
5347 1137 1358 5042, 2026/02, 720, MasterCard
5450 1382 7275 5770, 2025/03, 232, MasterCard
5846 2277 7708 0256, 2026/12, 273, MasterCard
5807 1370 8828 1443, 2025/06, 109, MasterCard
5888 5046 5552 6223, 2025/02, 414, MasterCard
5453 4515 7700 8622, 2025/03, 167, MasterCard
5373 6754 3373 5013, 2025/08, 646, MasterCard
5234 7308 6560 7005, 2026/02, 168, MasterCard
5250 8316 5653 5600, 2026/06, 525, MasterCard
5701 0058 0615 5347, 2026/06, 275, MasterCard
5700 2253 0845 7436, 2025/10, 881, MasterCard
5321 5667 3433 6614, 2025/04, 151, MasterCard
5354 3337 4333 1023, 2026/10, 378, MasterCard
5786 0144 2118 6354, 2026/09, 481, MasterCard
5527 7306 2556 0433, 2026/07, 215, MasterCard
5350 0618 7110 8855, 2025/03, 101, MasterCard
5657 2350 5782 0026, 2026/02, 956, MasterCard
5165 5056 6417 6730, 2025/01, 644, MasterCard
5361 4342 6020 8825, 2025/09, 203, MasterCard
5174 0141 8034 7007, 2025/07, 445, MasterCard
5085 6734 8635 2637, 2026/12, 339, MasterCard
5012 5514 7172 7708, 2026/05, 101, MasterCard
5516 4488 3100 3816, 2026/08, 213, MasterCard
5627 4082 1674 5676, 2026/01, 319, MasterCard
5045 8502 4342 2221, 2025/05, 813, MasterCard
5655 1346 0283 6268, 2025/01, 214, MasterCard
5308 2305 0888 6323, 2026/10, 113, MasterCard
5044 3570 0083 4441, 2025/03, 639, MasterCard
5625 2326 5543 0448, 2026/11, 835, MasterCard
5146 3665 2037 1088, 2025/02, 462, MasterCard
5472 8785 2555 0155, 2025/12, 716, MasterCard
5431 3078 7365 3452, 2026/03, 155, MasterCard
5355 4632 7848 3573, 2025/06, 564, MasterCard
5301 2201 7417 4614, 2026/05, 376, MasterCard
5426 5220 6483 7436, 2025/10, 938, MasterCard
5564 0872 1015 8683, 2026/07, 451, MasterCard
5547 6248 2554 7116, 2026/04, 729, MasterCard
5201 3803 8156 4360, 2026/03, 723, MasterCard
5063 6282 1811 4388, 2026/06, 189, MasterCard
5137 7243 0603 7425, 2025/05, 352, MasterCard
5776 2463 7503 3263, 2026/03, 571, MasterCard
5355 6343 3422 5311, 2026/06, 181, MasterCard
5680 6500 1156 8811, 2026/05, 854, MasterCard
5416 3742 6338 0681, 2026/10, 647, MasterCard
5363 3625 5048 5308, 2025/10, 951, MasterCard
5447 4057 2660 2866, 2025/10, 499, MasterCard
5275 6411 8152 5435, 2026/08, 920, MasterCard
5051 5602 1656 0722, 2025/01, 810, MasterCard
5085 0323 0818 3524, 2026/03, 273, MasterCard
5867 3784 6584 8555, 2026/06, 669, MasterCard
5724 5673 6305 3804, 2025/08, 492, MasterCard
5617 2465 0541 0111, 2025/07, 548, MasterCard
5331 2438 1330 1442, 2025/03, 381, MasterCard
5308 7857 0167 8207, 2025/02, 285, MasterCard
5355 6702 1526 8327, 2025/10, 218, MasterCard
5867 1534 4264 4264, 2025/02, 257, MasterCard
5204 1138 3044 6815, 2025/04, 399, MasterCard
5713 0880 7453 5701, 2025/04, 859, MasterCard
5053 3510 7286 8385, 2025/03, 839, MasterCard
5041 1440 4512 8184, 2025/09, 608, MasterCard
5176 2081 2212 5327, 2025/04, 905, MasterCard
5206 3282 1823 4454, 2025/12, 868, MasterCard
5845 1614 8722 4188, 2026/06, 571, MasterCard
5685 5673 0867 8431, 2025/11, 813, MasterCard
5873 4833 4145 7365, 2025/11, 144, MasterCard
5873 2282 1314 8075, 2026/05, 569, MasterCard
5374 7468 7222 2018, 2025/03, 314, MasterCard
5555 5402 3248 1385, 2026/06, 702, MasterCard
5531 3038 2235 4234, 2025/04, 112, MasterCard
5623 0772 7567 6454, 2026/06, 649, MasterCard
5061 4815 1245 5160, 2025/01, 941, MasterCard
5566 5115 5436 5115, 2025/12, 865, MasterCard
5183 1768 6242 0318, 2025/08, 462, MasterCard
5377 1185 8757 2383, 2025/01, 574, MasterCard
5485 5724 8641 2266, 2026/12, 476, MasterCard
5862 0023 4234 2534, 2026/03, 737, MasterCard
5661 4514 7163 8456, 2026/12, 783, MasterCard
5817 2324 4158 3326, 2026/09, 366, MasterCard
5342 1024 4655 6177, 2025/12, 237, MasterCard
5747 6611 5068 3635, 2026/07, 954, MasterCard
5051 1141 5303 7144, 2026/01, 640, MasterCard
5332 5358 8741 2461, 2026/04, 929, MasterCard
5537 4345 3480 4655, 2026/07, 801, MasterCard
5620 1542 7377 3634, 2026/11, 199, MasterCard
5743 3031 3385 7465, 2026/01, 368, MasterCard
5653 7537 5524 3451, 2026/04, 628, MasterCard
5836 1272 8603 6603, 2026/09, 132, MasterCard
5423 5366 0166 6226, 2025/02, 483, MasterCard
5646 7816 2045 4177, 2026/07, 688, MasterCard
5416 5345 2251 1547, 2026/07, 528, MasterCard
5088 2008 6128 7803, 2025/04, 365, MasterCard
5626 5662 0151 1055, 2026/02, 322, MasterCard
5570 0742 6630 8422, 2026/02, 472, MasterCard
5671 5145 1340 5867, 2025/12, 597, MasterCard
5323 8425 7157 1862, 2026/05, 234, MasterCard
5650 5741 3421 8102, 2026/04, 253, MasterCard
5786 1854 4081 3424, 2025/06, 538, MasterCard
5336 0450 4577 1788, 2026/02, 687, MasterCard
5107 6146 3480 5856, 2025/05, 967, MasterCard
5464 0706 3512 3822, 2026/05, 363, MasterCard
5484 5565 0644 1281, 2026/04, 443, MasterCard
5765 3352 3686 4876, 2026/07, 502, MasterCard
5721 6655 8615 2735, 2026/04, 712, MasterCard
5300 1162 8302 1533, 2026/09, 486, MasterCard
5326 3670 1807 3725, 2026/01, 678, MasterCard
5237 8564 6063 2002, 2026/01, 945, MasterCard
5877 7718 7630 1800, 2026/01, 836, MasterCard
5254 6444 3072 3558, 2026/10, 836, MasterCard
5074 3285 5654 1766, 2026/03, 916, MasterCard
5633 4542 3338 4018, 2025/10, 826, MasterCard
5537 0575 7771 5437, 2025/09, 464, MasterCard
5410 1748 0815 3700, 2026/08, 576, MasterCard
5138 0204 2281 0582, 2026/08, 698, MasterCard
5048 5483 7528 6615, 2025/06, 581, MasterCard
5843 4301 1218 0855, 2025/02, 634, MasterCard
5514 6252 1370 6130, 2026/03, 588, MasterCard
5475 8365 8377 2357, 2026/06, 826, MasterCard
5888 4412 4664 8465, 2025/07, 679, MasterCard
5680 0538 7462 6216, 2026/01, 877, MasterCard
5572 4701 6464 7515, 2026/07, 853, MasterCard
5507 8268 1440 5002, 2025/08, 273, MasterCard
5025 5646 4144 2533, 2025/08, 521, MasterCard
5226 5775 7624 4242, 2025/11, 184, MasterCard
5356 6224 1242 4236, 2026/01, 469, MasterCard
5071 3588 6000 0640, 2026/06, 506, MasterCard
5766 0264 0723 5413, 2026/08, 466, MasterCard
5604 4660 4214 1475, 2025/08, 842, MasterCard
5024 0445 1124 0045, 2026/10, 634, MasterCard
5157 4655 3552 3620, 2026/09, 104, MasterCard
5882 0582 3027 8376, 2025/08, 724, MasterCard
5521 2175 0014 0263, 2026/07, 658, MasterCard
5716 8121 4577 6284, 2025/07, 739, MasterCard
5423 4306 7246 2741, 2025/05, 310, MasterCard
5225 8243 6456 2653, 2025/01, 729, MasterCard
5320 4640 7045 6017, 2025/02, 793, MasterCard
5120 1777 3752 6418, 2026/06, 804, MasterCard
5248 8114 4802 8036, 2026/07, 818, MasterCard
5053 8475 6485 5616, 2026/01, 420, MasterCard
5483 5445 0212 4532, 2026/01, 299, MasterCard
5707 1271 5073 6813, 2026/11, 976, MasterCard
5633 7044 7041 2512, 2026/09, 411, MasterCard
5386 2251 2444 7034, 2026/10, 421, MasterCard
5857 8388 5413 7326, 2026/06, 874, MasterCard
5308 0003 4135 2332, 2025/09, 394, MasterCard
5065 2382 8650 8442, 2025/02, 317, MasterCard
5770 5463 8347 4854, 2026/04, 166, MasterCard
5284 7816 7351 1565, 2025/12, 245, MasterCard
5726 4803 5881 4263, 2025/05, 308, MasterCard
5034 4151 6445 6278, 2026/08, 592, MasterCard
5048 5516 7333 4772, 2026/03, 390, MasterCard
5055 1148 4208 5641, 2026/11, 495, MasterCard
5851 6473 4278 8053, 2026/10, 227, MasterCard
5362 0833 0354 1632, 2025/12, 784, MasterCard
5304 5576 6202 7631, 2026/02, 251, MasterCard
5612 2067 4221 0232, 2025/10, 475, MasterCard
5408 4733 4884 8462, 2025/04, 175, MasterCard
5632 7363 0270 7637, 2026/09, 653, MasterCard
5257 5481 5482 8864, 2025/10, 828, MasterCard
5381 5106 5764 3280, 2025/10, 285, MasterCard
5706 4001 1086 6116, 2025/04, 922, MasterCard
5478 2050 8824 1200, 2025/02, 572, MasterCard
5031 6407 5582 5200, 2025/06, 280, MasterCard
5748 6743 2052 0727, 2025/10, 270, MasterCard
5234 7003 3671 2312, 2025/08, 908, MasterCard
5046 4881 5841 8022, 2026/11, 626, MasterCard
5122 7485 3324 7355, 2026/07, 896, MasterCard
5377 0307 7015 4087, 2026/04, 644, MasterCard
5536 8240 5872 3482, 2025/02, 193, MasterCard
5254 0730 6387 3136, 2025/03, 297, MasterCard
5568 3801 3284 5412, 2025/07, 343, MasterCard
5442 5335 1334 8305, 2025/11, 731, MasterCard
5076 1875 2452 7200, 2026/02, 744, MasterCard
5100 6167 0161 3680, 2026/04, 742, MasterCard
5533 4405 3125 5647, 2025/09, 537, MasterCard
5078 2223 5573 8226, 2026/02, 254, MasterCard
5663 0353 6334 2752, 2026/10, 927, MasterCard
5055 6725 2288 5101, 2025/03, 655, MasterCard
5170 0163 4745 7185, 2026/12, 141, MasterCard
5448 0280 4362 7405, 2026/12, 424, MasterCard
5706 4027 7872 7028, 2026/10, 154, MasterCard
5376 7604 3460 3357, 2025/01, 380, MasterCard
5070 4417 7324 4330, 2026/05, 533, MasterCard
5137 5167 2181 8680, 2026/02, 931, MasterCard
5776 5707 3324 4522, 2025/11, 696, MasterCard
5810 2303 8088 0650, 2026/02, 243, MasterCard
5750 6572 0466 6125, 2026/09, 971, MasterCard
5774 8061 7052 7124, 2026/01, 978, MasterCard
5183 5267 5034 5326, 2025/06, 241, MasterCard
5783 3406 4187 4781, 2025/03, 552, MasterCard
5827 5686 1556 8587, 2026/03, 808, MasterCard
5353 4525 6658 2750, 2025/08, 451, MasterCard
5388 7871 3487 6708, 2025/05, 493, MasterCard
5436 0144 0066 3377, 2026/06, 592, MasterCard
5856 3072 2307 0882, 2026/09, 567, MasterCard
5425 3036 7082 7843, 2026/05, 849, MasterCard
5882 2330 6037 0680, 2026/07, 995, MasterCard
5527 7742 2602 3615, 2025/04, 358, MasterCard
5521 1518 6476 7314, 2025/03, 855, MasterCard
5145 3126 8247 5631, 2026/03, 178, MasterCard
5177 1050 6547 1305, 2025/11, 138, MasterCard
5440 6852 2535 2850, 2026/12, 452, MasterCard
5658 7541 0228 6404, 2026/06, 941, MasterCard
5126 1808 6701 2732, 2025/03, 524, MasterCard
5611 8806 5847 7182, 2025/01, 775, MasterCard
5423 8263 1421 2156, 2026/09, 614, MasterCard
5832 2255 0008 7628, 2025/03, 626, MasterCard
5228 6677 8211 2073, 2026/02, 913, MasterCard
5783 3023 8855 0164, 2025/12, 330, MasterCard
5787 3752 2640 0640, 2025/12, 708, MasterCard
5216 3170 2777 8221, 2025/03, 155, MasterCard
5623 5350 5837 7707, 2026/03, 863, MasterCard
5227 4750 1820 4438, 2025/11, 972, MasterCard
5426 0145 3842 4041, 2025/08, 723, MasterCard
5832 3161 5375 7771, 2025/05, 699, MasterCard
5875 0524 6267 0284, 2025/07, 899, MasterCard
5451 3410 6445 1256, 2025/04, 588, MasterCard
5722 7621 5050 2285, 2026/10, 891, MasterCard
5107 3403 7871 1528, 2026/01, 660, MasterCard
5632 1250 0617 1433, 2025/03, 443, MasterCard
5120 0777 5272 5715, 2025/02, 544, MasterCard
5265 2204 4272 3451, 2025/12, 829, MasterCard
5845 4351 7740 6341, 2026/06, 152, MasterCard
5525 1220 0447 1220, 2025/10, 356, MasterCard
5757 5671 2344 4640, 2026/08, 747, MasterCard
5473 1535 4216 8848, 2026/05, 915, MasterCard
5662 3361 7700 7586, 2026/04, 871, MasterCard
5380 2024 4088 0533, 2025/07, 565, MasterCard
5538 3230 8037 5724, 2026/09, 252, MasterCard
5103 8107 3281 1754, 2025/04, 698, MasterCard
5877 2258 8238 2767, 2026/12, 494, MasterCard
5708 4104 5582 6557, 2026/10, 745, MasterCard
5674 7511 3106 4034, 2026/09, 145, MasterCard
5261 0320 4288 3153, 2025/11, 133, MasterCard
5354 1358 6783 4116, 2025/11, 653, MasterCard
5025 7180 3135 0512, 2025/09, 556, MasterCard
5664 5184 0607 3707, 2026/12, 883, MasterCard
5425 3681 3852 5883, 2025/03, 633, MasterCard
5235 7604 1603 6403, 2025/02, 739, MasterCard
5504 4458 3346 0444, 2025/05, 433, MasterCard
5576 1487 0530 4384, 2025/06, 756, MasterCard
5486 8606 3733 8483, 2026/08, 217, MasterCard
5603 2482 1205 3834, 2025/11, 717, MasterCard
5624 2851 0640 3241, 2025/08, 328, MasterCard
5166 3022 6703 3255, 2026/10, 343, MasterCard
5676 6082 1601 0266, 2025/11, 713, MasterCard
5045 4650 8374 4384, 2026/03, 936, MasterCard
5463 6646 2308 6735, 2026/10, 104, MasterCard
5624 0630 1572 7608, 2025/05, 208, MasterCard
5041 7020 0773 4602, 2025/10, 667, MasterCard
5545 6576 7122 4465, 2026/04, 135, MasterCard
5871 6212 8006 8154, 2026/06, 231, MasterCard
5172 4320 8063 4328, 2026/01, 746, MasterCard
5078 8615 4747 8082, 2026/08, 808, MasterCard
5868 0408 2640 0471, 2026/02, 267, MasterCard
5740 2411 3404 2625, 2026/04, 295, MasterCard
5437 1658 0767 6484, 2025/08, 930, MasterCard
5680 2407 6276 0666, 2025/06, 476, MasterCard
5280 2135 5743 4700, 2026/11, 687, MasterCard
5643 1171 4080 6815, 2026/03, 124, MasterCard
5105 7524 1861 8277, 2025/01, 856, MasterCard
5744 4462 7167 2508, 2026/08, 852, MasterCard
5430 2174 0872 0042, 2026/12, 916, MasterCard
5842 0828 1806 4338, 2025/03, 899, MasterCard
5332 4603 8120 7814, 2026/05, 414, MasterCard
5145 6600 7048 4130, 2025/02, 366, MasterCard
5456 1120 6485 5035, 2026/02, 330, MasterCard
5862 8155 8253 5156, 2026/02, 616, MasterCard
5438 8348 5226 1372, 2025/11, 595, MasterCard
5287 7388 5700 8708, 2026/07, 629, MasterCard
5826 8503 6374 4235, 2026/10, 891, MasterCard
5438 1103 4721 2308, 2026/01, 204, MasterCard
5382 8413 4182 5812, 2025/12, 939, MasterCard
5664 6582 8445 8438, 2026/02, 566, MasterCard
5641 2578 4615 6065, 2026/12, 107, MasterCard
5727 2661 2038 0702, 2025/12, 762, MasterCard
5647 5680 6133 1561, 2025/07, 420, MasterCard
5626 5581 7271 2127, 2025/05, 177, MasterCard
5223 3152 1676 8277, 2025/02, 612, MasterCard
5641 2036 7177 2212, 2026/08, 312, MasterCard
5071 7487 2147 8003, 2026/09, 967, MasterCard
5300 4674 6453 0614, 2026/11, 138, MasterCard
5234 4577 2205 8616, 2026/07, 664, MasterCard
5725 7353 0842 7727, 2025/12, 837, MasterCard
5104 8320 4082 5168, 2026/05, 205, MasterCard
5147 2831 5778 6000, 2026/09, 487, MasterCard
5513 1163 4818 2703, 2025/01, 156, MasterCard
5541 8204 1473 0578, 2026/08, 311, MasterCard
5851 2257 0173 5427, 2026/01, 983, MasterCard
5171 8560 5341 6217, 2026/11, 532, MasterCard
5213 8635 5721 5756, 2025/05, 786, MasterCard
5851 7352 3563 4003, 2025/07, 220, MasterCard
5580 3320 3275 0170, 2026/01, 908, MasterCard
5526 3288 4186 5784, 2025/10, 281, MasterCard
5615 0100 1741 1286, 2026/12, 821, MasterCard
5500 5737 6800 8021, 2025/10, 445, MasterCard
5777 2726 0333 7051, 2025/02, 591, MasterCard
5165 7068 2218 4687, 2026/06, 140, MasterCard
5232 5547 6853 7701, 2026/02, 148, MasterCard
5237 3410 0533 3721, 2025/01, 221, MasterCard
5781 0360 4413 7543, 2026/10, 641, MasterCard
5288 8544 8041 6546, 2025/11, 933, MasterCard
5818 5028 0568 2826, 2025/04, 785, MasterCard
5122 4101 5225 3731, 2026/09, 812, MasterCard
5142 5212 4080 4081, 2025/10, 545, MasterCard
5457 5460 5407 4470, 2026/05, 875, MasterCard
5056 7615 0302 5461, 2025/07, 881, MasterCard
5812 6416 6255 4037, 2025/10, 593, MasterCard
5505 7853 1134 0611, 2025/10, 665, MasterCard
5751 2588 3522 3615, 2025/04, 156, MasterCard
5362 5155 6886 6253, 2026/03, 919, MasterCard
5108 8868 2440 8670, 2025/05, 395, MasterCard
5212 8522 8324 2458, 2026/10, 344, MasterCard
5805 6012 0810 0470, 2026/05, 638, MasterCard
5613 4803 7168 5712, 2025/06, 755, MasterCard
5063 5372 3865 2733, 2025/01, 141, MasterCard
5107 1874 3534 2155, 2025/06, 127, MasterCard
5210 3451 6328 2514, 2026/11, 755, MasterCard
5853 1014 1806 0748, 2025/06, 623, MasterCard
5443 6876 1230 4376, 2026/01, 206, MasterCard
5611 0626 2547 2303, 2025/02, 343, MasterCard
5342 5634 7250 2148, 2026/06, 380, MasterCard
5105 5233 2222 7566, 2026/05, 102, MasterCard
5774 5078 7440 6835, 2025/04, 333, MasterCard
5847 8731 5458 4326, 2026/05, 589, MasterCard
5862 2534 8267 2855, 2025/01, 257, MasterCard
5113 7616 1260 7374, 2025/03, 687, MasterCard
5082 3824 8605 8367, 2026/02, 991, MasterCard
5538 7332 1140 5424, 2025/10, 846, MasterCard
5685 7303 8540 1842, 2026/08, 301, MasterCard
5234 5644 7858 8116, 2026/12, 639, MasterCard
5727 5027 6616 7437, 2026/07, 169, MasterCard
5770 7043 7457 2570, 2026/12, 429, MasterCard
5274 8361 2334 1617, 2026/04, 670, MasterCard
5368 3835 6630 7133, 2026/02, 172, MasterCard
5864 5033 1077 6080, 2026/06, 922, MasterCard
5772 0867 5658 3203, 2026/04, 754, MasterCard
5847 6005 3488 6802, 2026/06, 529, MasterCard
5538 0347 2304 1017, 2026/08, 727, MasterCard
5106 5627 4835 4371, 2026/11, 439, MasterCard
5058 6843 8128 8076, 2025/02, 944, MasterCard
5024 7411 3761 1810, 2026/01, 770, MasterCard
5852 6113 1332 3448, 2026/11, 384, MasterCard
5217 7173 2776 1604, 2026/12, 850, MasterCard
5540 3012 6071 7846, 2025/03, 429, MasterCard
5437 5266 2010 8346, 2025/09, 878, MasterCard
5551 7375 1780 8613, 2026/06, 957, MasterCard
5858 7288 8454 4626, 2025/05, 592, MasterCard
5757 0812 4172 8348, 2025/04, 436, MasterCard
5874 1115 2657 8718, 2025/08, 190, MasterCard
5056 7633 7063 0753, 2025/08, 718, MasterCard
5372 2155 1622 2588, 2026/04, 844, MasterCard
5316 4008 0770 6353, 2025/09, 886, MasterCard
5248 3457 3142 4685, 2026/11, 884, MasterCard
5485 1623 2567 3854, 2026/06, 351, MasterCard
5717 0302 6604 3876, 2026/04, 359, MasterCard
5080 2618 0238 8181, 2026/02, 213, MasterCard
5048 0858 8455 5883, 2026/09, 831, MasterCard
5408 5354 7517 3607, 2025/11, 767, MasterCard
5056 8675 1735 4274, 2026/02, 289, MasterCard
5545 1878 2002 1075, 2026/01, 509, MasterCard
5818 1642 0750 8776, 2025/07, 505, MasterCard
5188 6474 4348 6361, 2025/01, 232, MasterCard
5066 4832 0686 7523, 2025/11, 210, MasterCard
5030 6705 0003 4353, 2026/10, 107, MasterCard
5167 0114 0818 1266, 2026/02, 548, MasterCard
5460 4160 1756 1325, 2026/02, 399, MasterCard
5265 6288 0013 3180, 2025/01, 571, MasterCard
5848 0118 0465 0432, 2026/05, 579, MasterCard
5628 3606 2164 7147, 2026/05, 418, MasterCard
5188 3357 8634 2454, 2026/03, 646, MasterCard
5785 0134 2017 7803, 2025/12, 910, MasterCard
5058 7753 6446 8485, 2026/06, 329, MasterCard
5782 7687 2736 5053, 2025/04, 202, MasterCard
5626 8602 8415 2014, 2025/04, 288, MasterCard
5080 2708 4033 1228, 2025/02, 279, MasterCard
5201 3142 0123 1108, 2025/02, 161, MasterCard
5058 8186 8201 6204, 2025/07, 147, MasterCard
5774 5152 0678 7137, 2025/07, 131, MasterCard
5733 2087 2283 7418, 2026/06, 437, MasterCard
5578 0104 1706 4136, 2026/04, 595, MasterCard
5748 5405 1110 2585, 2025/03, 396, MasterCard
5315 0734 8877 4387, 2026/07, 602, MasterCard
5527 8301 1557 2375, 2025/08, 183, MasterCard
5343 4883 7262 4256, 2026/06, 694, MasterCard
5513 0543 0078 6106, 2025/03, 531, MasterCard
5883 7326 1128 3606, 2025/07, 136, MasterCard
5525 2523 2161 0067, 2025/06, 264, MasterCard
5678 4212 7511 2140, 2025/11, 615, MasterCard
5186 0141 5111 5116, 2026/08, 676, MasterCard
5573 5373 2520 4433, 2025/03, 191, MasterCard
5426 3021 4657 0440, 2025/11, 572, MasterCard
5022 8573 1142 4408, 2025/08, 822, MasterCard
5724 1775 0573 4756, 2025/03, 623, MasterCard
5462 5838 5733 4002, 2025/06, 886, MasterCard
5011 4620 7308 1653, 2025/11, 203, MasterCard
5118 0055 7773 3543, 2025/02, 269, MasterCard
5061 8402 1521 4226, 2026/03, 961, MasterCard
5203 1565 2720 0442, 2025/09, 753, MasterCard
5755 2553 1400 4272, 2025/04, 344, MasterCard
5261 4476 2751 3423, 2026/11, 444, MasterCard
5554 2533 6586 8136, 2025/03, 494, MasterCard
5634 3200 0745 8842, 2025/04, 250, MasterCard
5231 3652 3404 8657, 2025/03, 863, MasterCard
5880 5424 1162 6075, 2026/03, 175, MasterCard
5700 6142 0705 1830, 2026/08, 489, MasterCard
5813 3812 5160 0565, 2026/12, 501, MasterCard
5342 2788 8165 1705, 2025/05, 957, MasterCard
5203 8305 2841 7813, 2025/06, 563, MasterCard
5436 3086 6301 8513, 2026/08, 635, MasterCard
5755 0632 6487 0837, 2025/01, 348, MasterCard
5344 8161 7622 8164, 2026/06, 803, MasterCard
5861 6735 8514 6120, 2026/11, 852, MasterCard
5015 8860 8422 0015, 2026/12, 610, MasterCard
5631 5454 5133 4437, 2026/06, 346, MasterCard
5674 4700 6154 0323, 2026/10, 982, MasterCard
5084 7400 8304 4585, 2025/10, 245, MasterCard
5711 6636 1332 8768, 2025/03, 132, MasterCard
5775 2054 7618 4301, 2026/12, 839, MasterCard
5770 5405 4356 6774, 2025/01, 854, MasterCard
5680 6438 3628 3047, 2025/01, 715, MasterCard
5777 5086 0321 2657, 2025/02, 415, MasterCard
5336 0748 7265 4644, 2025/11, 872, MasterCard
5620 8405 3332 6870, 2026/02, 710, MasterCard
5047 4466 6840 2026, 2025/08, 471, MasterCard
5570 5264 7044 2446, 2025/07, 309, MasterCard
5513 8874 4025 2657, 2025/12, 983, MasterCard
5663 1172 6283 6322, 2025/10, 432, MasterCard
5784 1214 5840 0285, 2026/07, 907, MasterCard
5157 0474 5422 4412, 2026/06, 800, MasterCard
5000 6587 0488 3028, 2026/01, 984, MasterCard
5325 7465 5115 6321, 2026/11, 397, MasterCard
5463 2782 1528 0620, 2025/07, 509, MasterCard
5671 5235 4525 3435, 2025/05, 539, MasterCard
5861 6850 3227 2473, 2026/02, 400, MasterCard
5718 4240 8610 6477, 2026/11, 294, MasterCard
5736 7852 2076 7624, 2026/09, 935, MasterCard
5848 5247 0485 8400, 2025/08, 243, MasterCard
5256 8131 5466 3740, 2026/10, 214, MasterCard
5828 6426 3366 2414, 2025/12, 531, MasterCard
5547 1011 1026 4061, 2026/01, 781, MasterCard
5668 6020 0064 7128, 2025/06, 370, MasterCard
5810 1215 8522 2626, 2025/01, 629, MasterCard
5612 2085 6302 7505, 2026/07, 542, MasterCard
5150 8555 3382 0860, 2026/05, 989, MasterCard
5154 2731 3333 3613, 2025/03, 759, MasterCard
5662 2277 1110 2654, 2026/04, 411, MasterCard
5401 1850 6062 3710, 2026/04, 993, MasterCard
5030 7054 8303 8102, 2026/08, 891, MasterCard
5774 1383 0546 7673, 2025/03, 394, MasterCard
5881 3703 0660 7250, 2026/05, 601, MasterCard
5750 1832 0475 5404, 2025/02, 926, MasterCard
5241 5445 1073 4523, 2025/08, 932, MasterCard
5574 8163 4077 1652, 2026/04, 868, MasterCard
5213 1143 3622 5017, 2026/11, 108, MasterCard
5212 4566 5885 4861, 2025/04, 635, MasterCard
5248 0614 2206 3340, 2025/12, 988, MasterCard
5001 1655 5260 2830, 2025/03, 726, MasterCard
5807 0365 6566 3646, 2025/05, 478, MasterCard
5766 5452 4501 8285, 2026/12, 734, MasterCard
5465 1865 0325 8646, 2025/09, 727, MasterCard
5324 8737 6826 4812, 2025/03, 964, MasterCard
5125 1635 8400 3003, 2026/01, 841, MasterCard
5448 6506 2020 8174, 2026/05, 519, MasterCard
5208 5274 3558 6228, 2026/06, 105, MasterCard
5373 7635 7176 0207, 2026/06, 578, MasterCard
5763 3413 0687 0407, 2026/04, 512, MasterCard
5073 1078 3048 3628, 2026/12, 116, MasterCard
5162 0372 5033 2280, 2026/05, 709, MasterCard
5573 2331 8106 8241, 2025/07, 961, MasterCard
5502 7228 3048 0407, 2026/12, 813, MasterCard
5280 0717 7045 1731, 2025/03, 867, MasterCard
5776 5772 2610 4501, 2026/01, 611, MasterCard
5215 2216 4174 4711, 2026/11, 174, MasterCard
5220 3540 3260 0268, 2026/10, 455, MasterCard
5568 2461 4370 5616, 2026/04, 823, MasterCard
5180 4383 7338 4802, 2026/01, 906, MasterCard
5032 1687 7844 3446, 2026/09, 198, MasterCard
5045 3260 1147 3282, 2025/06, 747, MasterCard
5332 6622 2431 1287, 2026/07, 837, MasterCard
5303 8574 3018 2572, 2025/04, 589, MasterCard
5455 4573 7611 1853, 2025/11, 348, MasterCard
5480 7206 4267 7455, 2026/08, 258, MasterCard
5537 0168 4262 3313, 2026/12, 674, MasterCard
5086 0181 0626 2130, 2026/11, 214, MasterCard
5657 0532 8105 8382, 2026/01, 422, MasterCard
5818 2553 3244 2103, 2026/09, 271, MasterCard
5283 0170 2170 4326, 2025/09, 651, MasterCard
5225 8382 1615 6712, 2026/04, 915, MasterCard
5175 4524 0737 0817, 2025/11, 974, MasterCard
5314 1638 7388 0583, 2026/11, 619, MasterCard
5552 8812 3854 8345, 2026/07, 735, MasterCard
5134 3203 0718 8334, 2026/02, 922, MasterCard
5206 4485 4267 6236, 2025/11, 783, MasterCard
5844 2467 3885 7166, 2026/11, 660, MasterCard
5427 8105 5617 3835, 2026/07, 241, MasterCard
5618 1755 8353 7447, 2026/08, 333, MasterCard
5851 8577 2754 2823, 2025/11, 438, MasterCard
5646 8028 2731 2214, 2025/01, 766, MasterCard
5778 1102 4825 0827, 2026/03, 474, MasterCard
5350 8124 7165 7240, 2025/06, 301, MasterCard
5622 7423 7732 6776, 2025/07, 624, MasterCard
5017 8508 1466 1243, 2026/10, 358, MasterCard
5317 7602 0330 3678, 2025/07, 302, MasterCard
5361 6637 1865 1000, 2026/07, 147, MasterCard
5520 8015 5038 2536, 2026/06, 861, MasterCard
5442 5552 1803 8063, 2025/02, 280, MasterCard
5832 7786 2170 6872, 2026/12, 867, MasterCard
5770 8432 2454 0146, 2026/10, 701, MasterCard
5376 3718 2450 6257, 2026/06, 927, MasterCard
5680 7210 2604 0847, 2026/01, 171, MasterCard
5832 2005 7632 6606, 2026/09, 858, MasterCard
5037 1657 0867 6181, 2025/09, 453, MasterCard
5747 7355 4265 5376, 2026/06, 430, MasterCard
5434 5400 3204 3275, 2026/05, 323, MasterCard
5737 6530 6480 8830, 2026/06, 593, MasterCard
5176 8532 7802 8815, 2026/09, 160, MasterCard
5016 3085 6207 7550, 2025/10, 305, MasterCard
5682 5447 4551 4621, 2025/02, 521, MasterCard
5780 8785 0572 2276, 2025/07, 990, MasterCard
5607 2266 7848 1042, 2025/10, 711, MasterCard
5815 5433 2037 7461, 2025/10, 635, MasterCard
5478 5216 2315 7622, 2025/09, 667, MasterCard
5428 6281 8441 8268, 2026/07, 195, MasterCard
5024 2618 7530 6754, 2025/09, 241, MasterCard
5317 6842 4322 7442, 2025/07, 168, MasterCard
5806 7544 7751 2260, 2026/09, 851, MasterCard
5053 4734 1248 6270, 2025/12, 699, MasterCard
5151 1021 5027 1302, 2025/08, 163, MasterCard
5853 2452 1261 6120, 2025/09, 368, MasterCard
5801 8635 0562 2648, 2026/12, 554, MasterCard
5133 6886 2226 6527, 2025/02, 796, MasterCard
5811 7680 6387 6171, 2026/06, 603, MasterCard
5450 1865 2630 3400, 2026/09, 103, MasterCard
5626 2827 8483 8184, 2025/11, 366, MasterCard
5680 0122 5768 1248, 2026/08, 799, MasterCard
5032 4844 8141 8652, 2025/06, 921, MasterCard
5234 5558 0167 1066, 2025/05, 301, MasterCard
5280 8566 2654 7546, 2025/09, 323, MasterCard
5300 8471 4534 3778, 2025/03, 912, MasterCard
5083 2568 5372 2368, 2026/08, 332, MasterCard
5630 8661 0387 1654, 2025/06, 129, MasterCard
5283 1030 2521 3454, 2025/04, 255, MasterCard
5164 5586 3861 2471, 2026/01, 443, MasterCard
5420 8840 5641 6678, 2026/02, 209, MasterCard
5208 7578 6462 2588, 2026/06, 650, MasterCard
5114 6460 2155 4052, 2025/12, 938, MasterCard
5111 0681 5806 0683, 2025/04, 867, MasterCard
5775 6573 3384 8876, 2026/06, 721, MasterCard
5268 3540 0585 1578, 2026/10, 842, MasterCard
5711 4300 1651 1667, 2025/09, 236, MasterCard
5274 3827 3453 3458, 2026/04, 592, MasterCard
5414 5314 4642 6028, 2026/12, 325, MasterCard
5081 1025 6065 5768, 2025/03, 190, MasterCard
5823 4447 1184 3528, 2025/11, 794, MasterCard
5878 1706 1216 2007, 2026/03, 833, MasterCard
5727 3641 7240 6713, 2026/02, 418, MasterCard
5812 4038 4604 6830, 2026/05, 876, MasterCard
5104 0002 6433 1111, 2026/06, 824, MasterCard
5760 3842 1287 7077, 2025/03, 758, MasterCard
5382 2757 3367 1478, 2025/08, 936, MasterCard
5344 1308 2081 7558, 2026/02, 579, MasterCard
5855 4732 6467 8768, 2025/12, 351, MasterCard
5517 6811 0744 1786, 2026/12, 660, MasterCard
5786 3037 2307 4404, 2026/12, 226, MasterCard
5578 3440 4344 6023, 2026/07, 969, MasterCard
5688 2841 4256 3152, 2025/03, 636, MasterCard
5131 7664 0510 7407, 2026/09, 967, MasterCard
5723 2807 4230 3723, 2025/09, 286, MasterCard
5713 0073 3342 4382, 2025/07, 225, MasterCard
5851 3828 8607 7222, 2025/04, 205, MasterCard
5475 2537 4651 7747, 2026/09, 572, MasterCard
5210 3457 1508 7551, 2025/03, 762, MasterCard
5544 8367 8626 3276, 2026/02, 312, MasterCard
5413 4181 1686 0457, 2025/09, 261, MasterCard
5872 0458 2011 2786, 2026/07, 766, MasterCard
5347 5806 8611 1115, 2025/11, 507, MasterCard
5315 7273 7341 0437, 2025/11, 122, MasterCard - First Usa Bank, USA.
5410 0764 6652 0510, 2025/06, 863, MasterCard
5275 8033 7106 7020, 2026/12, 869, MasterCard
5607 7661 3347 5840, 2026/07, 903, MasterCard
5422 0520 7021 8367, 2026/01, 533, MasterCard
5611 7340 6050 5280, 2026/06, 660, MasterCard
5357 4182 1553 2344, 2026/12, 882, MasterCard
5484 8412 6836 5252, 2026/01, 550, MasterCard
5504 7605 2350 6441, 2026/09, 261, MasterCard
5515 6334 7373 7687, 2026/05, 233, MasterCard
5058 2311 4310 0312, 2026/11, 675, MasterCard
5407 5723 1742 5540, 2026/10, 510, MasterCard
5357 7043 1337 1382, 2026/01, 952, MasterCard
5204 1050 7077 8253, 2026/01, 605, MasterCard
5032 6101 8645 6783, 2025/08, 356, MasterCard
5230 1777 2005 4557, 2026/06, 720, MasterCard
5853 4753 7717 6400, 2025/12, 451, MasterCard
5128 7443 6883 1144, 2026/09, 213, MasterCard
5722 0244 3822 5837, 2026/10, 641, MasterCard
5043 4460 7364 7425, 2026/05, 409, MasterCard
5302 6354 7620 3036, 2025/02, 623, MasterCard
5011 2701 2701 3436, 2025/06, 619, MasterCard
5240 5540 5236 4010, 2025/10, 551, MasterCard
5142 8533 0383 7504, 2026/10, 446, MasterCard
5100 5617 4118 0771, 2025/04, 920, MasterCard
5106 6834 0728 8674, 2026/11, 204, MasterCard
5501 7055 2178 6886, 2026/07, 113, MasterCard
5476 7533 5227 2262, 2025/10, 766, MasterCard
5715 6127 0732 1532, 2025/11, 889, MasterCard
5801 2582 3562 2283, 2025/06, 338, MasterCard
5414 3761 1375 5873, 2025/02, 290, MasterCard
5274 7676 0031 7103, 2025/10, 894, MasterCard
5434 2114 5331 5804, 2025/04, 639, MasterCard
5581 6177 8838 5463, 2025/06, 617, MasterCard
5370 0128 7377 1477, 2025/08, 550, MasterCard
5747 2745 7282 4371, 2025/03, 524, MasterCard
5700 4033 7164 3253, 2025/05, 718, MasterCard
5157 4626 7126 3863, 2026/11, 172, MasterCard
5310 2726 2674 1788, 2026/11, 557, MasterCard
5767 1886 2485 7426, 2026/04, 240, MasterCard
5658 7515 5683 4416, 2025/10, 805, MasterCard
5586 3778 4078 5037, 2025/04, 649, MasterCard
5121 5847 3684 4263, 2025/08, 270, MasterCard
5011 4321 2415 8768, 2025/06, 966, MasterCard
5751 4088 7713 4242, 2025/01, 307, MasterCard
5270 3471 3336 8388, 2025/02, 368, MasterCard
5081 3802 5450 1403, 2026/08, 395, MasterCard
5202 8287 8166 4064, 2026/03, 121, MasterCard
5058 8646 2422 3342, 2025/05, 529, MasterCard
5621 4222 3826 5403, 2026/07, 153, MasterCard
5540 0328 3811 0533, 2025/06, 693, MasterCard
5026 3851 2280 3137, 2025/03, 586, MasterCard
5643 1856 3706 1376, 2025/03, 389, MasterCard
5577 8741 6826 1857, 2025/06, 392, MasterCard
5124 8006 1234 8550, 2025/05, 642, MasterCard
5336 4828 7531 0314, 2025/09, 642, MasterCard
5101 1626 3232 8527, 2025/11, 351, MasterCard
5285 1554 7067 0727, 2025/03, 364, MasterCard
5841 1334 3138 8371, 2025/02, 725, MasterCard
5276 2772 3837 3054, 2026/01, 221, MasterCard
5424 8757 6117 4624, 2025/01, 937, MasterCard
5803 0684 8543 7367, 2026/12, 934, MasterCard
5112 3213 2467 6323, 2025/01, 897, MasterCard
5512 5320 7645 1477, 2025/06, 456, MasterCard
5583 6578 8740 6537, 2025/08, 462, MasterCard
5185 3367 8288 3163, 2026/04, 987, MasterCard
5214 3810 5531 3212, 2026/09, 921, MasterCard
5545 2820 1567 2368, 2026/12, 823, MasterCard
5817 3873 3756 2204, 2025/11, 773, MasterCard
5866 3631 2045 8884, 2026/01, 219, MasterCard
5363 3312 1452 5882, 2025/04, 848, MasterCard
5742 1312 2828 5081, 2025/06, 257, MasterCard
5558 2186 2672 6148, 2025/07, 778, MasterCard
5415 5816 5286 3017, 2026/09, 606, MasterCard
5406 3420 7816 1408, 2026/09, 525, MasterCard
5538 3514 3256 5056, 2026/04, 191, MasterCard
5507 0180 3066 6837, 2026/05, 666, MasterCard
5586 5111 4077 2234, 2025/01, 348, MasterCard
5745 0713 2200 6065, 2026/06, 146, MasterCard
5071 8134 6083 6264, 2026/09, 119, MasterCard
5147 6106 8250 6372, 2025/05, 346, MasterCard
5603 6752 4660 2667, 2026/04, 929, MasterCard
5488 3556 6587 8755, 2026/03, 435, MasterCard
5522 7631 8751 1267, 2025/04, 634, MasterCard
5252 0533 6384 6562, 2026/12, 237, MasterCard
5013 5783 0020 1422, 2026/12, 805, MasterCard
5170 5070 2068 4632, 2026/10, 841, MasterCard
5105 1441 1786 8181, 2026/12, 669, MasterCard
5741 2110 7562 6347, 2025/11, 571, MasterCard
5425 1007 5522 2217, 2026/05, 805, MasterCard
5580 0026 4653 6758, 2026/07, 979, MasterCard
5436 0235 0501 3743, 2025/06, 848, MasterCard
5017 5555 1257 6144, 2025/09, 422, MasterCard
5127 8670 1821 6068, 2026/05, 991, MasterCard
5233 1438 7162 2276, 2026/09, 713, MasterCard
5182 4807 4688 4223, 2025/02, 898, MasterCard
5554 2075 7377 4304, 2026/03, 960, MasterCard
5451 4067 0412 0627, 2026/03, 565, MasterCard
5400 1202 2262 3606, 2025/11, 646, MasterCard
5666 7838 3337 5301, 2026/05, 254, MasterCard
5100 6230 3224 8350, 2025/07, 114, MasterCard
5141 0024 4670 4848, 2025/11, 635, MasterCard
5860 8442 2686 0046, 2025/03, 476, MasterCard
5073 0602 4457 2603, 2026/05, 647, MasterCard
5011 4152 1746 8301, 2026/03, 256, MasterCard
5843 6501 7374 3347, 2026/02, 890, MasterCard
5266 6246 6807 5885, 2026/12, 556, MasterCard
5513 8124 6230 0515, 2026/09, 795, MasterCard
5625 8063 1022 2801, 2025/10, 653, MasterCard
5320 1238 2311 2836, 2026/11, 326, MasterCard
5710 6442 7072 4425, 2026/10, 831, MasterCard
5736 3521 3115 2808, 2026/02, 641, MasterCard
5277 6127 1242 8371, 2026/05, 819, MasterCard
5565 2665 6638 7703, 2025/05, 589, MasterCard
